video_id
C6UCvpFHOoo,2025-07-02T23:08:01.562193
GhOUB6IGs6Y,2025-07-02T23:08:01.562193
UyzbSeVBxvk,2025-07-02T23:08:01.562193
NAEcctaVer8,2025-07-02T23:08:01.562193
GB_IoRf9FBs,2025-07-02T23:08:01.562193
C27sdfmHV6Y,2025-07-02T23:08:01.562193
